Species Tree = (((((((P[&label=7],(R[&label=9],Q[&label=10])0[&label=8])0[&label=6],O[&label=11])0[&label=5],S[&label=12])0[&label=4],T[&label=13])0[&label=3],(((((F[&label=19],G[&label=20])0[&label=18],(I[&label=22],C[&label=23])0[&label=21])0[&label=17],((H[&label=26],D[&label=27])0[&label=25],E[&label=28])0[&label=24])0[&label=16],J[&label=29])0[&label=15],((N[&label=32],M[&label=33])0[&label=31],(L[&label=35],K[&label=36])0[&label=34])0[&label=30])0[&label=14])0[&label=2],((U[&label=39],B[&label=40])0[&label=38],(V[&label=42],W[&label=43])0[&label=41])0[&label=37])0[&label=1],A[&label=44])0[&label=0];
========================================
Focal_lineage = 1
NNI_sp  Test_lineage  Test_count					comparison_uncle  uncle_count  Z-value-uncle					comparison_sibling  sibling_count  Z-value-sibling
==========================================================================================================================================================================================================
0       44            1535      					                  0            -            					                    0              -              
----------------------------------------------------------------------------------------------------------------------------------------------------------------------------------------------------------
Focal_lineage = 10
NNI_sp  Test_lineage  Test_count					comparison_uncle  uncle_count  Z-value-uncle					comparison_sibling  sibling_count  Z-value-sibling
==========================================================================================================================================================================================================
0       9             1613      					                  0            -            					                    0              -              
1       7             197       					                  0            -            					                    0              -              
2       11            33        					7                 197          10.81        					                    0              -              
3       12            3         					11                33           5.00         					                    0              -              
----------------------------------------------------------------------------------------------------------------------------------------------------------------------------------------------------------
Focal_lineage = 11
NNI_sp  Test_lineage  Test_count					comparison_uncle  uncle_count  Z-value-uncle					comparison_sibling  sibling_count  Z-value-sibling
==========================================================================================================================================================================================================
0       6             1264      					                  0            -            					                    0              -              
1       8             156       					                  0            -            					7                   138            -1.05          
1       7             138       					                  0            -            					8                   156            1.05           
1       12            163       					                  0            -            					                    0              -              
2       10            33        					7                 138          8.03         					9                   31             -0.25          
2       9             31        					7                 138          8.23         					10                  33             0.25           
2       13            19        					12                163          10.67        					                    0              -              
3       14            2         					13                19           3.71         					                    0              -              
----------------------------------------------------------------------------------------------------------------------------------------------------------------------------------------------------------
Focal_lineage = 12
NNI_sp  Test_lineage  Test_count					comparison_uncle  uncle_count  Z-value-uncle					comparison_sibling  sibling_count  Z-value-sibling
==========================================================================================================================================================================================================
0       5             1277      					                  0            -            					                    0              -              
1       11            163       					                  0            -            					6                   154            -0.51          
1       13            139       					                  0            -            					                    0              -              
1       6             154       					                  0            -            					11                  163            0.51           
2       14            13        					13                139          10.22        					                    0              -              
2       8             15        					11                163          11.09        					7                   26             1.72           
2       7             26        					11                163          9.97         					8                   15             -1.72          
3       10            3         					7                 26           4.27         					9                   0              -1.73          
3       30            4         					                  0            -            					15                  1              -1.34          
3       37            2         					14                13           2.84         					                    0              -              
3       15            1         					                  0            -            					30                  4              1.34           
4       41            1         					                  0            -            					38                  0              -1.00          
----------------------------------------------------------------------------------------------------------------------------------------------------------------------------------------------------------
Focal_lineage = 13
NNI_sp  Test_lineage  Test_count					comparison_uncle  uncle_count  Z-value-uncle					comparison_sibling  sibling_count  Z-value-sibling
==========================================================================================================================================================================================================
0       4             1276      					                  0            -            					                    0              -              
1       12            139       					                  0            -            					5                   158            1.10           
1       5             158       					                  0            -            					12                  139            -1.10          
1       14            112       					                  0            -            					                    0              -              
2       37            16        					14                112          8.49         					                    0              -              
2       15            21        					                  0            -            					30                  23             0.30           
2       30            23        					                  0            -            					15                  21             -0.30          
2       6             19        					12                139          9.55         					11                  19             0.00           
2       11            19        					12                139          9.55         					6                   19             0.00           
3       7             5         					11                19           2.86         					8                   3              -0.71          
3       29            1         					30                23           4.49         					16                  4              1.34           
3       8             3         					11                19           3.41         					7                   5              0.71           
3       34            1         					15                21           4.26         					31                  0              -1.00          
3       16            4         					30                23           3.66         					29                  1              -1.34          
4       17            1         					29                1            0.00         					24                  0              -1.00          
----------------------------------------------------------------------------------------------------------------------------------------------------------------------------------------------------------
Focal_lineage = 14
NNI_sp  Test_lineage  Test_count					comparison_uncle  uncle_count  Z-value-uncle					comparison_sibling  sibling_count  Z-value-sibling
==========================================================================================================================================================================================================
0       3             980       					                  0            -            					                    0              -              
1       37            120       					                  0            -            					                    0              -              
1       13            112       					                  0            -            					4                   94             -1.25          
1       4             94        					                  0            -            					13                  112            1.25           
2       5             11        					13                112          9.11         					12                  13             0.41           
2       41            6         					                  0            -            					38                  6              0.00           
2       44            18        					37                120          8.68         					                    0              -              
2       38            6         					                  0            -            					41                  6              0.00           
2       12            13        					13                112          8.85         					5                   11             -0.41          
3       11            2         					12                13           2.84         					6                   2              0.00           
3       6             2         					12                13           2.84         					11                  2              0.00           
4       7             1         					11                2            0.58         					8                   0              -1.00          
----------------------------------------------------------------------------------------------------------------------------------------------------------------------------------------------------------
Focal_lineage = 15
NNI_sp  Test_lineage  Test_count					comparison_uncle  uncle_count  Z-value-uncle					comparison_sibling  sibling_count  Z-value-sibling
==========================================================================================================================================================================================================
0       30            1127      					                  0            -            					                    0              -              
1       3             117       					                  0            -            					                    0              -              
1       34            45        					                  0            -            					31                  53             0.81           
1       31            53        					                  0            -            					34                  45             -0.81          
2       13            21        					                  0            -            					4                   20             -0.16          
2       37            21        					3                 117          8.17         					                    0              -              
2       4             20        					                  0            -            					13                  21             0.16           
2       36            5         					31                53           6.30         					35                  4              -0.33          
2       35            4         					31                53           6.49         					36                  5              0.33           
2       33            3         					34                45           6.06         					32                  1              -1.00          
2       32            1         					34                45           6.49         					33                  3              1.00           
3       5             4         					13                21           3.40         					12                  1              -1.34          
3       12            1         					13                21           4.26         					5                   4              1.34           
3       38            1         					                  0            -            					41                  0              -1.00          
4       6             1         					12                1            0.00         					11                  0              -1.00          
----------------------------------------------------------------------------------------------------------------------------------------------------------------------------------------------------------
Focal_lineage = 16
NNI_sp  Test_lineage  Test_count					comparison_uncle  uncle_count  Z-value-uncle					comparison_sibling  sibling_count  Z-value-sibling
==========================================================================================================================================================================================================
0       29            1212      					                  0            -            					                    0              -              
1       30            133       					                  0            -            					                    0              -              
2       31            16        					                  0            -            					34                  13             -0.56          
2       34            13        					                  0            -            					31                  16             0.56           
2       3             12        					30                133          10.05        					                    0              -              
3       37            1         					3                 12           3.05         					                    0              -              
3       13            4         					                  0            -            					4                   4              0.00           
3       4             4         					                  0            -            					13                  4              0.00           
----------------------------------------------------------------------------------------------------------------------------------------------------------------------------------------------------------
Focal_lineage = 17
NNI_sp  Test_lineage  Test_count					comparison_uncle  uncle_count  Z-value-uncle					comparison_sibling  sibling_count  Z-value-sibling
==========================================================================================================================================================================================================
0       24            923       					                  0            -            					                    0              -              
1       25            132       					                  0            -            					28                  96             -2.38          
1       29            147       					                  0            -            					                    0              -              
1       28            96        					                  0            -            					25                  132            2.38           
2       30            15        					29                147          10.37        					                    0              -              
2       27            16        					28                96           7.56         					26                  10             -1.18          
2       26            10        					28                96           8.35         					27                  16             1.18           
3       3             6         					30                15           1.96         					                    0              -              
3       31            4         					                  0            -            					34                  0              -2.00          
4       13            1         					                  0            -            					4                   0              -1.00          
----------------------------------------------------------------------------------------------------------------------------------------------------------------------------------------------------------
Focal_lineage = 18
NNI_sp  Test_lineage  Test_count					comparison_uncle  uncle_count  Z-value-uncle					comparison_sibling  sibling_count  Z-value-sibling
==========================================================================================================================================================================================================
0       21            1048      					                  0            -            					                    0              -              
1       24            99        					                  0            -            					                    0              -              
1       22            126       					                  0            -            					23                  125            -0.06          
1       23            125       					                  0            -            					22                  126            0.06           
2       25            21        					                  0            -            					28                  26             0.73           
2       28            26        					                  0            -            					25                  21             -0.73          
2       29            12        					24                99           8.26         					                    0              -              
3       30            3         					29                12           2.32         					                    0              -              
3       26            2         					28                26           4.54         					27                  0              -1.41          
----------------------------------------------------------------------------------------------------------------------------------------------------------------------------------------------------------
Focal_lineage = 19
NNI_sp  Test_lineage  Test_count					comparison_uncle  uncle_count  Z-value-uncle					comparison_sibling  sibling_count  Z-value-sibling
==========================================================================================================================================================================================================
0       20            1600      					                  0            -            					                    0              -              
1       21            144       					                  0            -            					                    0              -              
2       24            24        					21                144          9.26         					                    0              -              
2       23            33        					                  0            -            					22                  31             -0.25          
2       22            31        					                  0            -            					23                  33             0.25           
3       28            3         					                  0            -            					25                  2              -0.45          
3       25            2         					                  0            -            					28                  3              0.45           
3       29            3         					24                24           4.04         					                    0              -              
4       26            2         					28                3            0.45         					27                  1              -0.58          
4       27            1         					28                3            1.00         					26                  2              0.58           
----------------------------------------------------------------------------------------------------------------------------------------------------------------------------------------------------------
Focal_lineage = 2
NNI_sp  Test_lineage  Test_count					comparison_uncle  uncle_count  Z-value-uncle					comparison_sibling  sibling_count  Z-value-sibling
==========================================================================================================================================================================================================
0       37            1144      					                  0            -            					                    0              -              
1       44            156       					                  0            -            					                    0              -              
1       41            20        					                  0            -            					38                  32             1.66           
1       38            32        					                  0            -            					41                  20             -1.66          
2       40            1         					41                20           4.15         					39                  0              -1.00          
2       43            3         					38                32           4.90         					42                  0              -1.73          
----------------------------------------------------------------------------------------------------------------------------------------------------------------------------------------------------------
Focal_lineage = 20
NNI_sp  Test_lineage  Test_count					comparison_uncle  uncle_count  Z-value-uncle					comparison_sibling  sibling_count  Z-value-sibling
==========================================================================================================================================================================================================
0       19            1600      					                  0            -            					                    0              -              
1       21            147       					                  0            -            					                    0              -              
2       24            19        					21                147          9.93         					                    0              -              
2       23            32        					                  0            -            					22                  32             0.00           
2       22            32        					                  0            -            					23                  32             0.00           
3       28            8         					                  0            -            					25                  6              -0.53          
3       29            4         					24                19           3.13         					                    0              -              
3       25            6         					                  0            -            					28                  8              0.53           
4       27            2         					28                8            1.90         					26                  0              -1.41          
4       30            1         					29                4            1.34         					                    0              -              
5       3             1         					30                1            0.00         					                    0              -              
----------------------------------------------------------------------------------------------------------------------------------------------------------------------------------------------------------
Focal_lineage = 21
NNI_sp  Test_lineage  Test_count					comparison_uncle  uncle_count  Z-value-uncle					comparison_sibling  sibling_count  Z-value-sibling
==========================================================================================================================================================================================================
0       18            1048      					                  0            -            					                    0              -              
1       24            79        					                  0            -            					                    0              -              
1       20            147       					                  0            -            					19                  144            -0.18          
1       19            144       					                  0            -            					20                  147            0.18           
2       25            25        					                  0            -            					28                  19             -0.90          
2       28            19        					                  0            -            					25                  25             0.90           
2       29            16        					24                79           6.46         					                    0              -              
3       27            2         					28                19           3.71         					26                  6              1.41           
3       26            6         					28                19           2.60         					27                  2              -1.41          
3       30            4         					29                16           2.68         					                    0              -              
----------------------------------------------------------------------------------------------------------------------------------------------------------------------------------------------------------
Focal_lineage = 22
NNI_sp  Test_lineage  Test_count					comparison_uncle  uncle_count  Z-value-uncle					comparison_sibling  sibling_count  Z-value-sibling
==========================================================================================================================================================================================================
0       23            1607      					                  0            -            					                    0              -              
1       18            126       					                  0            -            					                    0              -              
2       24            19        					18                126          8.89         					                    0              -              
2       19            31        					                  0            -            					20                  32             0.13           
2       20            32        					                  0            -            					19                  31             -0.13          
3       25            1         					                  0            -            					28                  5              1.63           
3       28            5         					                  0            -            					25                  1              -1.63          
3       29            1         					24                19           4.02         					                    0              -              
4       26            11        					28                5            -1.50        					27                  0              -3.32          
----------------------------------------------------------------------------------------------------------------------------------------------------------------------------------------------------------
Focal_lineage = 23
NNI_sp  Test_lineage  Test_count					comparison_uncle  uncle_count  Z-value-uncle					comparison_sibling  sibling_count  Z-value-sibling
==========================================================================================================================================================================================================
0       22            1607      					                  0            -            					                    0              -              
1       18            125       					                  0            -            					                    0              -              
2       24            17        					18                125          9.06         					                    0              -              
2       19            33        					                  0            -            					20                  32             -0.12          
2       20            32        					                  0            -            					19                  33             0.12           
3       29            5         					24                17           2.56         					                    0              -              
3       25            4         					                  0            -            					28                  1              -1.34          
3       28            1         					                  0            -            					25                  4              1.34           
4       26            35        					28                1            -5.67        					27                  0              -5.92          
----------------------------------------------------------------------------------------------------------------------------------------------------------------------------------------------------------
Focal_lineage = 24
NNI_sp  Test_lineage  Test_count					comparison_uncle  uncle_count  Z-value-uncle					comparison_sibling  sibling_count  Z-value-sibling
==========================================================================================================================================================================================================
0       17            923       					                  0            -            					                    0              -              
1       21            79        					                  0            -            					18                  99             1.50           
1       18            99        					                  0            -            					21                  79             -1.50          
1       29            131       					                  0            -            					                    0              -              
2       30            17        					29                131          9.37         					                    0              -              
2       20            19        					21                79           6.06         					19                  24             0.76           
2       22            19        					18                99           7.36         					23                  17             -0.33          
2       23            17        					18                99           7.61         					22                  19             0.33           
2       19            24        					21                79           5.42         					20                  19             -0.76          
3       31            1         					                  0            -            					34                  0              -1.00          
3       3             2         					30                17           3.44         					                    0              -              
----------------------------------------------------------------------------------------------------------------------------------------------------------------------------------------------------------
Focal_lineage = 25
NNI_sp  Test_lineage  Test_count					comparison_uncle  uncle_count  Z-value-uncle					comparison_sibling  sibling_count  Z-value-sibling
==========================================================================================================================================================================================================
0       28            1291      					                  0            -            					                    0              -              
1       17            132       					                  0            -            					                    0              -              
2       21            25        					                  0            -            					18                  21             -0.59          
2       18            21        					                  0            -            					21                  25             0.59           
2       29            18        					17                132          9.31         					                    0              -              
3       20            6         					21                25           3.41         					19                  2              -1.41          
3       22            1         					18                21           4.26         					23                  4              1.34           
3       30            1         					29                18           3.90         					                    0              -              
3       19            2         					21                25           4.43         					20                  6              1.41           
3       23            4         					18                21           3.40         					22                  1              -1.34          
4       31            1         					                  0            -            					34                  0              -1.00          
----------------------------------------------------------------------------------------------------------------------------------------------------------------------------------------------------------
Focal_lineage = 26
NNI_sp  Test_lineage  Test_count					comparison_uncle  uncle_count  Z-value-uncle					comparison_sibling  sibling_count  Z-value-sibling
==========================================================================================================================================================================================================
0       27            1632      					                  0            -            					                    0              -              
1       28            167       					                  0            -            					                    0              -              
2       17            10        					28                167          11.80        					                    0              -              
3       21            6         					                  0            -            					18                  2              -1.41          
3       18            2         					                  0            -            					21                  6              1.41           
3       29            1         					17                10           2.71         					                    0              -              
4       22            11        					18                2            -2.50        					23                  35             3.54           
4       23            35        					18                2            -5.43        					22                  11             -3.54          
4       19            2         					21                6            1.41         					20                  0              -1.41          
----------------------------------------------------------------------------------------------------------------------------------------------------------------------------------------------------------
Focal_lineage = 27
NNI_sp  Test_lineage  Test_count					comparison_uncle  uncle_count  Z-value-uncle					comparison_sibling  sibling_count  Z-value-sibling
==========================================================================================================================================================================================================
0       26            1632      					                  0            -            					                    0              -              
1       28            193       					                  0            -            					                    0              -              
2       17            16        					28                193          12.24        					                    0              -              
3       21            2         					                  0            -            					18                  0              -1.41          
3       29            2         					17                16           3.30         					                    0              -              
4       20            2         					21                2            0.00         					19                  1              -0.58          
4       19            1         					21                2            0.58         					20                  2              0.58           
----------------------------------------------------------------------------------------------------------------------------------------------------------------------------------------------------------
Focal_lineage = 28
NNI_sp  Test_lineage  Test_count					comparison_uncle  uncle_count  Z-value-uncle					comparison_sibling  sibling_count  Z-value-sibling
==========================================================================================================================================================================================================
0       25            1291      					                  0            -            					                    0              -              
1       27            193       					                  0            -            					26                  167            -1.37          
1       26            167       					                  0            -            					27                  193            1.37           
1       17            96        					                  0            -            					                    0              -              
2       18            26        					                  0            -            					21                  19             -1.04          
2       29            22        					17                96           6.81         					                    0              -              
2       21            19        					                  0            -            					18                  26             1.04           
3       22            5         					18                26           3.77         					23                  1              -1.63          
3       20            8         					21                19           2.12         					19                  3              -1.51          
3       19            3         					21                19           3.41         					20                  8              1.51           
3       23            1         					18                26           4.81         					22                  5              1.63           
3       30            3         					29                22           3.80         					                    0              -              
----------------------------------------------------------------------------------------------------------------------------------------------------------------------------------------------------------
Focal_lineage = 29
NNI_sp  Test_lineage  Test_count					comparison_uncle  uncle_count  Z-value-uncle					comparison_sibling  sibling_count  Z-value-sibling
==========================================================================================================================================================================================================
0       16            1212      					                  0            -            					                    0              -              
1       24            131       					                  0            -            					17                  147            0.96           
1       17            147       					                  0            -            					24                  131            -0.96          
1       30            123       					                  0            -            					                    0              -              
2       21            16        					24                131          9.49         					18                  12             -0.76          
2       25            18        					17                147          10.04        					28                  22             0.63           
2       18            12        					24                131          9.95         					21                  16             0.76           
2       34            13        					                  0            -            					31                  8              -1.09          
2       31            8         					                  0            -            					34                  13             1.09           
2       3             13        					30                123          9.43         					                    0              -              
2       28            22        					17                147          9.62         					25                  18             -0.63          
3       4             4         					                  0            -            					13                  1              -1.34          
3       23            5         					18                12           1.70         					22                  1              -1.63          
3       27            2         					28                22           4.08         					26                  1              -0.58          
3       19            3         					21                16           2.98         					20                  4              0.38           
3       20            4         					21                16           2.68         					19                  3              -0.38          
3       26            1         					28                22           4.38         					27                  2              0.58           
3       22            1         					18                12           3.05         					23                  5              1.63           
3       35            1         					31                8            2.33         					36                  0              -1.00          
3       13            1         					                  0            -            					4                   4              1.34           
4       5             1         					13                1            0.00         					12                  0              -1.00          
----------------------------------------------------------------------------------------------------------------------------------------------------------------------------------------------------------
Focal_lineage = 3
NNI_sp  Test_lineage  Test_count					comparison_uncle  uncle_count  Z-value-uncle					comparison_sibling  sibling_count  Z-value-sibling
==========================================================================================================================================================================================================
0       14            980       					                  0            -            					                    0              -              
1       30            105       					                  0            -            					15                  117            0.81           
1       15            117       					                  0            -            					30                  105            -0.81          
1       37            122       					                  0            -            					                    0              -              
2       41            4         					                  0            -            					38                  4              0.00           
2       16            12        					30                105          8.60         					29                  13             0.20           
2       38            4         					                  0            -            					41                  4              0.00           
2       34            7         					15                117          9.88         					31                  7              0.00           
2       31            7         					15                117          9.88         					34                  7              0.00           
2       44            26        					37                122          7.89         					                    0              -              
2       29            13        					30                105          8.47         					16                  12             -0.20          
3       32            1         					34                7            2.12         					33                  0              -1.00          
3       24            2         					29                13           2.84         					17                  6              1.41           
3       17            6         					29                13           1.61         					24                  2              -1.41          
5       20            1         					21                0            -1.00        					19                  0              -1.00          
----------------------------------------------------------------------------------------------------------------------------------------------------------------------------------------------------------
Focal_lineage = 30
NNI_sp  Test_lineage  Test_count					comparison_uncle  uncle_count  Z-value-uncle					comparison_sibling  sibling_count  Z-value-sibling
==========================================================================================================================================================================================================
0       15            1127      					                  0            -            					                    0              -              
1       29            123       					                  0            -            					16                  133            0.62           
1       3             105       					                  0            -            					                    0              -              
1       16            133       					                  0            -            					29                  123            -0.62          
2       37            22        					3                 105          7.37         					                    0              -              
2       24            17        					29                123          8.96         					17                  15             -0.35          
2       17            15        					29                123          9.19         					24                  17             0.35           
2       4             19        					                  0            -            					13                  23             0.62           
2       13            23        					                  0            -            					4                   19             -0.62          
3       44            3         					37                22           3.80         					                    0              -              
3       28            3         					17                15           2.83         					25                  1              -1.00          
3       12            4         					13                23           3.66         					5                   2              -0.82          
3       38            2         					                  0            -            					41                  0              -1.41          
3       21            4         					24                17           2.84         					18                  3              -0.38          
3       25            1         					17                15           3.50         					28                  3              1.00           
3       18            3         					24                17           3.13         					21                  4              0.38           
3       5             2         					13                23           4.20         					12                  4              0.82           
4       20            1         					21                4            1.34         					19                  0              -1.00          
----------------------------------------------------------------------------------------------------------------------------------------------------------------------------------------------------------
Focal_lineage = 31
NNI_sp  Test_lineage  Test_count					comparison_uncle  uncle_count  Z-value-uncle					comparison_sibling  sibling_count  Z-value-sibling
==========================================================================================================================================================================================================
0       34            1550      					                  0            -            					                    0              -              
1       35            71        					                  0            -            					36                  71             0.00           
1       15            53        					                  0            -            					                    0              -              
1       36            71        					                  0            -            					35                  71             0.00           
2       29            8         					                  0            -            					16                  16             1.63           
2       16            16        					                  0            -            					29                  8              -1.63          
2       3             7         					15                53           5.94         					                    0              -              
3       4             2         					                  0            -            					13                  0              -1.41          
3       17            4         					29                8            1.15         					24                  1              -1.34          
3       24            1         					29                8            2.33         					17                  4              1.34           
4       5             1         					13                0            -1.00        					12                  0              -1.00          
4       25            1         					17                4            1.34         					28                  0              -1.00          
4       38            1         					                  0            -            					41                  0              -1.00          
----------------------------------------------------------------------------------------------------------------------------------------------------------------------------------------------------------
Focal_lineage = 32
NNI_sp  Test_lineage  Test_count					comparison_uncle  uncle_count  Z-value-uncle					comparison_sibling  sibling_count  Z-value-sibling
==========================================================================================================================================================================================================
0       33            1844      					                  0            -            					                    0              -              
1       34            66        					                  0            -            					                    0              -              
2       15            1         					34                66           7.94         					                    0              -              
2       36            4         					                  0            -            					35                  4              0.00           
2       35            4         					                  0            -            					36                  4              0.00           
3       3             1         					15                1            0.00         					                    0              -              
4       4             1         					                  0            -            					13                  0              -1.00          
----------------------------------------------------------------------------------------------------------------------------------------------------------------------------------------------------------
Focal_lineage = 33
NNI_sp  Test_lineage  Test_count					comparison_uncle  uncle_count  Z-value-uncle					comparison_sibling  sibling_count  Z-value-sibling
==========================================================================================================================================================================================================
0       32            1844      					                  0            -            					                    0              -              
1       34            77        					                  0            -            					                    0              -              
2       15            3         					34                77           8.27         					                    0              -              
2       36            6         					                  0            -            					35                  4              -0.63          
2       35            4         					                  0            -            					36                  6              0.63           
----------------------------------------------------------------------------------------------------------------------------------------------------------------------------------------------------------
Focal_lineage = 34
NNI_sp  Test_lineage  Test_count					comparison_uncle  uncle_count  Z-value-uncle					comparison_sibling  sibling_count  Z-value-sibling
==========================================================================================================================================================================================================
0       31            1550      					                  0            -            					                    0              -              
1       33            77        					                  0            -            					32                  66             -0.92          
1       15            45        					                  0            -            					                    0              -              
1       32            66        					                  0            -            					33                  77             0.92           
2       16            13        					                  0            -            					29                  13             0.00           
2       3             7         					15                45           5.27         					                    0              -              
2       29            13        					                  0            -            					16                  13             0.00           
3       13            1         					                  0            -            					4                   1              0.00           
3       37            2         					3                 7            1.67         					                    0              -              
3       4             1         					                  0            -            					13                  1              0.00           
----------------------------------------------------------------------------------------------------------------------------------------------------------------------------------------------------------
Focal_lineage = 35
NNI_sp  Test_lineage  Test_count					comparison_uncle  uncle_count  Z-value-uncle					comparison_sibling  sibling_count  Z-value-sibling
==========================================================================================================================================================================================================
0       36            1845      					                  0            -            					                    0              -              
1       31            71        					                  0            -            					                    0              -              
2       15            4         					31                71           7.74         					                    0              -              
2       33            4         					                  0            -            					32                  4              0.00           
2       32            4         					                  0            -            					33                  4              0.00           
3       29            1         					                  0            -            					16                  0              -1.00          
----------------------------------------------------------------------------------------------------------------------------------------------------------------------------------------------------------
Focal_lineage = 36
NNI_sp  Test_lineage  Test_count					comparison_uncle  uncle_count  Z-value-uncle					comparison_sibling  sibling_count  Z-value-sibling
==========================================================================================================================================================================================================
0       35            1845      					                  0            -            					                    0              -              
1       31            71        					                  0            -            					                    0              -              
2       15            5         					31                71           7.57         					                    0              -              
2       33            6         					                  0            -            					32                  4              -0.63          
2       32            4         					                  0            -            					33                  6              0.63           
----------------------------------------------------------------------------------------------------------------------------------------------------------------------------------------------------------
Focal_lineage = 37
NNI_sp  Test_lineage  Test_count					comparison_uncle  uncle_count  Z-value-uncle					comparison_sibling  sibling_count  Z-value-sibling
==========================================================================================================================================================================================================
0       2             1144      					                  0            -            					                    0              -              
1       3             122       					                  0            -            					14                  120            -0.13          
1       44            152       					                  0            -            					                    0              -              
1       14            120       					                  0            -            					3                   122            0.13           
2       15            21        					3                 122          8.45         					30                  22             0.15           
2       30            22        					3                 122          8.33         					15                  21             -0.15          
2       4             16        					14                120          8.92         					13                  16             0.00           
2       13            16        					14                120          8.92         					4                   16             0.00           
3       34            2         					15                21           3.96         					31                  0              -1.41          
3       12            2         					13                16           3.30         					5                   2              0.00           
3       5             2         					13                16           3.30         					12                  2              0.00           
3       16            1         					30                22           4.38         					29                  0              -1.00          
4       6             1         					12                2            0.58         					11                  0              -1.00          
----------------------------------------------------------------------------------------------------------------------------------------------------------------------------------------------------------
Focal_lineage = 38
NNI_sp  Test_lineage  Test_count					comparison_uncle  uncle_count  Z-value-uncle					comparison_sibling  sibling_count  Z-value-sibling
==========================================================================================================================================================================================================
0       41            1807      					                  0            -            					                    0              -              
1       42            44        					                  0            -            					43                  27             -2.02          
1       43            27        					                  0            -            					42                  44             2.02           
1       2             32        					                  0            -            					                    0              -              
2       14            6         					                  0            -            					3                   4              -0.63          
2       3             4         					                  0            -            					14                  6              0.63           
2       44            7         					2                 32           4.00         					                    0              -              
3       15            1         					3                 4            1.34         					30                  2              0.58           
3       30            2         					3                 4            0.82         					15                  1              -0.58          
4       31            1         					15                1            0.00         					34                  0              -1.00          
----------------------------------------------------------------------------------------------------------------------------------------------------------------------------------------------------------
Focal_lineage = 39
NNI_sp  Test_lineage  Test_count					comparison_uncle  uncle_count  Z-value-uncle					comparison_sibling  sibling_count  Z-value-sibling
==========================================================================================================================================================================================================
0       40            1952      					                  0            -            					                    0              -              
1       41            21        					                  0            -            					                    0              -              
2       43            1         					                  0            -            					42                  0              -1.00          
----------------------------------------------------------------------------------------------------------------------------------------------------------------------------------------------------------
Focal_lineage = 4
NNI_sp  Test_lineage  Test_count					comparison_uncle  uncle_count  Z-value-uncle					comparison_sibling  sibling_count  Z-value-sibling
==========================================================================================================================================================================================================
0       13            1276      					                  0            -            					                    0              -              
1       14            94        					                  0            -            					                    0              -              
2       37            16        					14                94           7.44         					                    0              -              
2       15            20        					                  0            -            					30                  19             -0.16          
2       30            19        					                  0            -            					15                  20             0.16           
3       16            4         					30                19           3.13         					29                  4              0.00           
3       34            1         					15                20           4.15         					31                  2              0.58           
3       31            2         					15                20           3.84         					34                  1              -0.58          
3       44            2         					37                16           3.30         					                    0              -              
3       41            1         					                  0            -            					38                  0              -1.00          
3       29            4         					30                19           3.13         					16                  4              0.00           
4       32            1         					34                1            0.00         					33                  0              -1.00          
----------------------------------------------------------------------------------------------------------------------------------------------------------------------------------------------------------
Focal_lineage = 40
NNI_sp  Test_lineage  Test_count					comparison_uncle  uncle_count  Z-value-uncle					comparison_sibling  sibling_count  Z-value-sibling
==========================================================================================================================================================================================================
0       39            1952      					                  0            -            					                    0              -              
1       41            26        					                  0            -            					                    0              -              
2       2             1         					41                26           4.81         					                    0              -              
----------------------------------------------------------------------------------------------------------------------------------------------------------------------------------------------------------
Focal_lineage = 41
NNI_sp  Test_lineage  Test_count					comparison_uncle  uncle_count  Z-value-uncle					comparison_sibling  sibling_count  Z-value-sibling
==========================================================================================================================================================================================================
0       38            1807      					                  0            -            					                    0              -              
1       39            21        					                  0            -            					40                  26             0.73           
1       40            26        					                  0            -            					39                  21             -0.73          
1       2             20        					                  0            -            					                    0              -              
2       14            6         					                  0            -            					3                   4              -0.63          
2       3             4         					                  0            -            					14                  6              0.63           
2       44            6         					2                 20           2.75         					                    0              -              
3       4             1         					14                6            1.89         					13                  0              -1.00          
4       12            1         					13                0            -1.00        					5                   0              -1.00          
----------------------------------------------------------------------------------------------------------------------------------------------------------------------------------------------------------
Focal_lineage = 42
NNI_sp  Test_lineage  Test_count					comparison_uncle  uncle_count  Z-value-uncle					comparison_sibling  sibling_count  Z-value-sibling
==========================================================================================================================================================================================================
0       43            1928      					                  0            -            					                    0              -              
1       38            44        					                  0            -            					                    0              -              
----------------------------------------------------------------------------------------------------------------------------------------------------------------------------------------------------------
Focal_lineage = 43
NNI_sp  Test_lineage  Test_count					comparison_uncle  uncle_count  Z-value-uncle					comparison_sibling  sibling_count  Z-value-sibling
==========================================================================================================================================================================================================
0       42            1928      					                  0            -            					                    0              -              
1       38            27        					                  0            -            					                    0              -              
2       2             3         					38                27           4.38         					                    0              -              
2       39            1         					                  0            -            					40                  0              -1.00          
----------------------------------------------------------------------------------------------------------------------------------------------------------------------------------------------------------
Focal_lineage = 44
NNI_sp  Test_lineage  Test_count					comparison_uncle  uncle_count  Z-value-uncle					comparison_sibling  sibling_count  Z-value-sibling
==========================================================================================================================================================================================================
0       1             1535      					                  0            -            					                    0              -              
1       2             156       					                  0            -            					37                  152            -0.23          
1       37            152       					                  0            -            					2                   156            0.23           
2       14            18        					37                152          10.28        					3                   26             1.21           
2       38            7         					2                 156          11.67        					41                  6              -0.28          
2       3             26        					37                152          9.44         					14                  18             -1.21          
2       41            6         					2                 156          11.79        					38                  7              0.28           
3       30            3         					3                 26           4.27         					15                  0              -1.73          
3       4             2         					14                18           3.58         					13                  0              -1.41          
----------------------------------------------------------------------------------------------------------------------------------------------------------------------------------------------------------
Focal_lineage = 5
NNI_sp  Test_lineage  Test_count					comparison_uncle  uncle_count  Z-value-uncle					comparison_sibling  sibling_count  Z-value-sibling
==========================================================================================================================================================================================================
0       12            1277      					                  0            -            					                    0              -              
1       13            158       					                  0            -            					                    0              -              
2       14            11        					13                158          11.31        					                    0              -              
3       37            2         					14                11           2.50         					                    0              -              
3       15            4         					                  0            -            					30                  2              -0.82          
3       30            2         					                  0            -            					15                  4              0.82           
4       31            1         					15                4            1.34         					34                  0              -1.00          
4       29            1         					30                2            0.58         					16                  0              -1.00          
----------------------------------------------------------------------------------------------------------------------------------------------------------------------------------------------------------
Focal_lineage = 6
NNI_sp  Test_lineage  Test_count					comparison_uncle  uncle_count  Z-value-uncle					comparison_sibling  sibling_count  Z-value-sibling
==========================================================================================================================================================================================================
0       11            1264      					                  0            -            					                    0              -              
1       12            154       					                  0            -            					                    0              -              
2       13            19        					12                154          10.26        					                    0              -              
3       14            2         					13                19           3.71         					                    0              -              
4       15            1         					                  0            -            					30                  0              -1.00          
4       37            1         					14                2            0.58         					                    0              -              
----------------------------------------------------------------------------------------------------------------------------------------------------------------------------------------------------------
Focal_lineage = 7
NNI_sp  Test_lineage  Test_count					comparison_uncle  uncle_count  Z-value-uncle					comparison_sibling  sibling_count  Z-value-sibling
==========================================================================================================================================================================================================
0       8             1317      					                  0            -            					                    0              -              
1       11            138       					                  0            -            					                    0              -              
1       9             187       					                  0            -            					10                  197            0.51           
1       10            197       					                  0            -            					9                   187            -0.51          
2       12            26        					11                138          8.75         					                    0              -              
3       13            5         					12                26           3.77         					                    0              -              
4       14            1         					13                5            1.63         					                    0              -              
----------------------------------------------------------------------------------------------------------------------------------------------------------------------------------------------------------
Focal_lineage = 8
NNI_sp  Test_lineage  Test_count					comparison_uncle  uncle_count  Z-value-uncle					comparison_sibling  sibling_count  Z-value-sibling
==========================================================================================================================================================================================================
0       7             1317      					                  0            -            					                    0              -              
1       11            156       					                  0            -            					                    0              -              
2       12            15        					11                156          10.78        					                    0              -              
3       13            3         					12                15           2.83         					                    0              -              
----------------------------------------------------------------------------------------------------------------------------------------------------------------------------------------------------------
Focal_lineage = 9
NNI_sp  Test_lineage  Test_count					comparison_uncle  uncle_count  Z-value-uncle					comparison_sibling  sibling_count  Z-value-sibling
==========================================================================================================================================================================================================
0       10            1613      					                  0            -            					                    0              -              
1       7             187       					                  0            -            					                    0              -              
2       11            31        					7                 187          10.57        					                    0              -              
----------------------------------------------------------------------------------------------------------------------------------------------------------------------------------------------------------
